
q=11
[1331, 242, 955, 67, 128, 1242212] nmax
[1289, 248, 901, 70, 128, 1209375]

-----------------------------------
q=13

[1366, 426, 668, 136, 142, 1725381]

[2197, 346, 1659, 96, 204, 3302797] nmax
[1671, 432, 961, 139, 184, 2524847]
[[1731, 438, 1009, 142, 192, 2695762]]



[[2197, 506, 1339, 176, 256, 4251294]] nmax
Réduire n ne sert à rien...

------------------------------------
q=16
[[4096, 478, 3378, 120, 314, 9701616]] securité >= 256 avec n_max

[[2467, 570, 1565, 166, 256, 5646520]] (il vaut mieux rester avec q=13)

[[2704, 674, 1594, 218, 300, 7077360]] sécurité >= 300